00000000000100011000000110010011
00000000001000011000000110010011
00000000001000011000000110010011
00000000000100111010001100000011
00000000001100110000010100010011
00000000101000010000000010010011
00000000000100010000000100010011
00000000010100100000000110110011
01000000010000101000001000110011
00000000010100001111000010110011
00000000010000010010001100000011
00000000001001000001010010110011
01000000001100010101000100110011
00000000010100100110000110110011
00000010100001000000000001100011
00000001000110001000011101100011
00000000100101011010001010100011
00000000000100000010000011111111
00000000000011110010000011111011
10000000101000110000001010110011
11000000000000100000001110110011
11111111111111111111111110000111